1.28	5.17059
1.28001	5.1706
1.28002	5.17061
1.28003	5.17061
1.28004	5.17062
1.28005	5.17063
1.28006	5.17063
1.28007	5.17064
1.28008	5.17065
1.28009	5.17065
1.2801	5.17066
1.28011	5.17067
1.28012	5.17067
1.28013	5.17068
1.28014	5.17068
1.28015	5.17069
1.28016	5.1707
1.28017	5.1707
1.28018	5.17071
1.28019	5.17071
1.2802	5.17071
1.28021	5.17072
1.28022	5.17072
1.28023	5.17073
1.28024	5.17073
1.28025	5.17073
1.28026	5.17074
1.28027	5.17074
1.28028	5.17075
1.28029	5.17075
1.2803	5.17075
1.28031	5.17075
1.28032	5.17076
1.28033	5.17076
1.28034	5.17076
1.28035	5.17076
1.28036	5.17076
1.28037	5.17077
1.28038	5.17077
1.28039	5.17077
1.2804	5.17077
1.28041	5.17077
1.28042	5.17077
1.28043	5.17077
1.28044	5.17077
1.28045	5.17077
1.28046	5.17077
1.28047	5.17077
1.28048	5.17077
1.28049	5.17077
1.2805	5.17077
1.28051	5.17077
1.28052	5.17077
1.28053	5.17077
1.28054	5.17077
1.28055	5.17077
1.28056	5.17077
1.28057	5.17076
1.28058	5.17076
1.28059	5.17076
1.2806	5.17076
1.28061	5.17076
1.28062	5.17075
1.28063	5.17075
1.28064	5.17075
1.28065	5.17075
1.28066	5.17074
1.28067	5.17074
1.28068	5.17074
1.28069	5.17073
1.2807	5.17073
1.28071	5.17072
1.28072	5.17072
1.28073	5.17072
1.28074	5.17071
1.28075	5.17071
1.28076	5.1707
1.28077	5.1707
1.28078	5.17069
1.28079	5.17069
1.2808	5.17068
1.28081	5.17068
1.28082	5.17067
1.28083	5.17066
1.28084	5.17066
1.28085	5.17065
1.28086	5.17064
1.28087	5.17064
1.28088	5.17063
1.28089	5.17062
1.2809	5.17062
1.28091	5.17061
1.28092	5.1706
1.28093	5.1706
1.28094	5.17059
1.28095	5.17058
1.28096	5.17057
1.28097	5.17056
1.28098	5.17056
1.28099	5.17055
1.281	5.17054
1.28101	5.17053
1.28102	5.17052
1.28103	5.17051
1.28104	5.1705
1.28105	5.17049
1.28106	5.17048
1.28107	5.17047
1.28108	5.17046
1.28109	5.17045
1.2811	5.17044
1.28111	5.17043
1.28112	5.17042
1.28113	5.17041
1.28114	5.1704
1.28115	5.17039
1.28116	5.17038
1.28117	5.17037
1.28118	5.17036
1.28119	5.17034
1.2812	5.17033
1.28121	5.17032
1.28122	5.17031
1.28123	5.1703
1.28124	5.17028
1.28125	5.17027
1.28126	5.17026
1.28127	5.17025
1.28128	5.17023
1.28129	5.17022
1.2813	5.17021
1.28131	5.17019
1.28132	5.17018
1.28133	5.17017
1.28134	5.17015
1.28135	5.17014
1.28136	5.17012
1.28137	5.17011
1.28138	5.17009
1.28139	5.17008
1.2814	5.17007
1.28141	5.17005
1.28142	5.17003
1.28143	5.17002
1.28144	5.17
1.28145	5.16999
1.28146	5.16997
1.28147	5.16996
1.28148	5.16994
1.28149	5.16992
1.2815	5.16991
1.28151	5.16989
1.28152	5.16988
1.28153	5.16986
1.28154	5.16984
1.28155	5.16982
1.28156	5.16981
1.28157	5.16979
1.28158	5.16977
1.28159	5.16975
1.2816	5.16974
1.28161	5.16972
1.28162	5.1697
1.28163	5.16968
1.28164	5.16966
1.28165	5.16965
1.28166	5.16963
1.28167	5.16961
1.28168	5.16959
1.28169	5.16957
1.2817	5.16955
1.28171	5.16953
1.28172	5.16951
1.28173	5.16949
1.28174	5.16947
1.28175	5.16945
1.28176	5.16943
1.28177	5.16941
1.28178	5.16939
1.28179	5.16937
1.2818	5.16935
1.28181	5.16933
1.28182	5.16931
1.28183	5.16929
1.28184	5.16927
1.28185	5.16924
1.28186	5.16922
1.28187	5.1692
1.28188	5.16918
1.28189	5.16916
1.2819	5.16913
1.28191	5.16911
1.28192	5.16909
1.28193	5.16907
1.28194	5.16904
1.28195	5.16902
1.28196	5.169
1.28197	5.16898
1.28198	5.16895
1.28199	5.16893
1.282	5.16891
1.28201	5.16888
1.28202	5.16886
1.28203	5.16883
1.28204	5.16881
1.28205	5.16879
1.28206	5.16876
1.28207	5.16874
1.28208	5.16871
1.28209	5.16869
1.2821	5.16866
1.28211	5.16864
1.28212	5.16861
1.28213	5.16859
1.28214	5.16856
1.28215	5.16854
1.28216	5.16851
1.28217	5.16848
1.28218	5.16846
1.28219	5.16843
1.2822	5.1684
1.28221	5.16838
1.28222	5.16835
1.28223	5.16832
1.28224	5.1683
1.28225	5.16827
1.28226	5.16824
1.28227	5.16822
1.28228	5.16819
1.28229	5.16816
1.2823	5.16813
1.28231	5.16811
1.28232	5.16808
1.28233	5.16805
1.28234	5.16802
1.28235	5.16799
1.28236	5.16796
1.28237	5.16794
1.28238	5.16791
1.28239	5.16788
1.2824	5.16785
1.28241	5.16782
1.28242	5.16779
1.28243	5.16776
1.28244	5.16773
1.28245	5.1677
1.28246	5.16767
1.28247	5.16764
1.28248	5.16761
1.28249	5.16758
1.2825	5.16755
1.28251	5.16752
1.28252	5.16749
1.28253	5.16746
1.28254	5.16743
1.28255	5.1674
1.28256	5.16737
1.28257	5.16733
1.28258	5.1673
1.28259	5.16727
1.2826	5.16724
1.28261	5.16721
1.28262	5.16718
1.28263	5.16714
1.28264	5.16711
1.28265	5.16708
1.28266	5.16705
1.28267	5.16701
1.28268	5.16698
1.28269	5.16695
1.2827	5.16692
1.28271	5.16688
1.28272	5.16685
1.28273	5.16682
1.28274	5.16678
1.28275	5.16675
1.28276	5.16672
1.28277	5.16668
1.28278	5.16665
1.28279	5.16661
1.2828	5.16658
1.28281	5.16654
1.28282	5.16651
1.28283	5.16648
1.28284	5.16644
1.28285	5.16641
1.28286	5.16637
1.28287	5.16634
1.28288	5.1663
1.28289	5.16627
1.2829	5.16623
1.28291	5.16619
1.28292	5.16616
1.28293	5.16612
1.28294	5.16609
1.28295	5.16605
1.28296	5.16601
1.28297	5.16598
1.28298	5.16594
1.28299	5.1659
1.283	5.16587
1.28301	5.16583
1.28302	5.16579
1.28303	5.16576
1.28304	5.16572
1.28305	5.16568
1.28306	5.16564
1.28307	5.16561
1.28308	5.16557
1.28309	5.16553
1.2831	5.16549
1.28311	5.16546
1.28312	5.16542
1.28313	5.16538
1.28314	5.16534
1.28315	5.1653
1.28316	5.16526
1.28317	5.16522
1.28318	5.16519
1.28319	5.16515
1.2832	5.16511
1.28321	5.16507
1.28322	5.16503
1.28323	5.16499
1.28324	5.16495
1.28325	5.16491
1.28326	5.16487
1.28327	5.16483
1.28328	5.16479
1.28329	5.16475
1.2833	5.16471
1.28331	5.16467
1.28332	5.16463
1.28333	5.16459
1.28334	5.16455
1.28335	5.1645
1.28336	5.16446
1.28337	5.16442
1.28338	5.16438
1.28339	5.16434
1.2834	5.1643
1.28341	5.16426
1.28342	5.16421
1.28343	5.16417
1.28344	5.16413
1.28345	5.16409
1.28346	5.16405
1.28347	5.164
1.28348	5.16396
1.28349	5.16392
1.2835	5.16388
1.28351	5.16383
1.28352	5.16379
1.28353	5.16375
1.28354	5.1637
1.28355	5.16366
1.28356	5.16362
1.28357	5.16357
1.28358	5.16353
1.28359	5.16349
1.2836	5.16344
1.28361	5.1634
1.28362	5.16336
1.28363	5.16331
1.28364	5.16327
1.28365	5.16322
1.28366	5.16318
1.28367	5.16313
1.28368	5.16309
1.28369	5.16304
1.2837	5.163
1.28371	5.16295
1.28372	5.16291
1.28373	5.16286
1.28374	5.16282
1.28375	5.16277
1.28376	5.16273
1.28377	5.16268
1.28378	5.16264
1.28379	5.16259
1.2838	5.16254
1.28381	5.1625
1.28382	5.16245
1.28383	5.1624
1.28384	5.16236
1.28385	5.16231
1.28386	5.16226
1.28387	5.16222
1.28388	5.16217
1.28389	5.16212
1.2839	5.16208
1.28391	5.16203
1.28392	5.16198
1.28393	5.16194
1.28394	5.16189
1.28395	5.16184
1.28396	5.16179
1.28397	5.16174
1.28398	5.1617
1.28399	5.16165
1.284	5.1616
1.28401	5.16155
1.28402	5.1615
1.28403	5.16145
1.28404	5.16141
1.28405	5.16136
1.28406	5.16131
1.28407	5.16126
1.28408	5.16121
1.28409	5.16116
1.2841	5.16111
1.28411	5.16106
1.28412	5.16101
1.28413	5.16096
1.28414	5.16091
1.28415	5.16086
1.28416	5.16081
1.28417	5.16076
1.28418	5.16071
1.28419	5.16066
1.2842	5.16061
1.28421	5.16056
1.28422	5.16051
1.28423	5.16046
1.28424	5.16041
1.28425	5.16036
1.28426	5.16031
1.28427	5.16026
1.28428	5.16021
1.28429	5.16016
1.2843	5.16011
1.28431	5.16005
1.28432	5.16
1.28433	5.15995
1.28434	5.1599
1.28435	5.15985
1.28436	5.1598
1.28437	5.15974
1.28438	5.15969
1.28439	5.15964
1.2844	5.15959
1.28441	5.15954
1.28442	5.15948
1.28443	5.15943
1.28444	5.15938
1.28445	5.15933
1.28446	5.15927
1.28447	5.15922
1.28448	5.15917
1.28449	5.15911
1.2845	5.15906
1.28451	5.15901
1.28452	5.15895
1.28453	5.1589
1.28454	5.15885
1.28455	5.15879
1.28456	5.15874
1.28457	5.15868
1.28458	5.15863
1.28459	5.15858
1.2846	5.15852
1.28461	5.15847
1.28462	5.15841
1.28463	5.15836
1.28464	5.1583
1.28465	5.15825
1.28466	5.1582
1.28467	5.15814
1.28468	5.15809
1.28469	5.15803
1.2847	5.15798
1.28471	5.15792
1.28472	5.15786
1.28473	5.15781
1.28474	5.15775
1.28475	5.1577
1.28476	5.15764
1.28477	5.15759
1.28478	5.15753
1.28479	5.15747
1.2848	5.15742
1.28481	5.15736
1.28482	5.15731
1.28483	5.15725
1.28484	5.15719
1.28485	5.15714
1.28486	5.15708
1.28487	5.15702
1.28488	5.15697
1.28489	5.15691
1.2849	5.15685
1.28491	5.1568
1.28492	5.15674
1.28493	5.15668
1.28494	5.15662
1.28495	5.15657
1.28496	5.15651
1.28497	5.15645
1.28498	5.15639
1.28499	5.15634
1.285	5.15628
1.28501	5.15622
1.28502	5.15616
1.28503	5.1561
1.28504	5.15605
1.28505	5.15599
1.28506	5.15593
1.28507	5.15587
1.28508	5.15581
1.28509	5.15575
1.2851	5.1557
1.28511	5.15564
1.28512	5.15558
1.28513	5.15552
1.28514	5.15546
1.28515	5.1554
1.28516	5.15534
1.28517	5.15528
1.28518	5.15522
1.28519	5.15516
1.2852	5.1551
1.28521	5.15504
1.28522	5.15498
1.28523	5.15492
1.28524	5.15486
1.28525	5.1548
1.28526	5.15474
1.28527	5.15468
1.28528	5.15462
1.28529	5.15456
1.2853	5.1545
1.28531	5.15444
1.28532	5.15438
1.28533	5.15432
1.28534	5.15426
1.28535	5.1542
1.28536	5.15414
1.28537	5.15408
1.28538	5.15402
1.28539	5.15396
1.2854	5.15389
1.28541	5.15383
1.28542	5.15377
1.28543	5.15371
1.28544	5.15365
1.28545	5.15359
1.28546	5.15353
1.28547	5.15346
1.28548	5.1534
1.28549	5.15334
1.2855	5.15328
1.28551	5.15322
1.28552	5.15315
1.28553	5.15309
1.28554	5.15303
1.28555	5.15297
1.28556	5.1529
1.28557	5.15284
1.28558	5.15278
1.28559	5.15272
1.2856	5.15265
1.28561	5.15259
1.28562	5.15253
1.28563	5.15246
1.28564	5.1524
1.28565	5.15234
1.28566	5.15227
1.28567	5.15221
1.28568	5.15215
1.28569	5.15208
1.2857	5.15202
1.28571	5.15196
1.28572	5.15189
1.28573	5.15183
1.28574	5.15177
1.28575	5.1517
1.28576	5.15164
1.28577	5.15157
1.28578	5.15151
1.28579	5.15144
1.2858	5.15138
1.28581	5.15132
1.28582	5.15125
1.28583	5.15119
1.28584	5.15112
1.28585	5.15106
1.28586	5.15099
1.28587	5.15093
1.28588	5.15086
1.28589	5.1508
1.2859	5.15073
1.28591	5.15067
1.28592	5.1506
1.28593	5.15054
1.28594	5.15047
1.28595	5.15041
1.28596	5.15034
1.28597	5.15028
1.28598	5.15021
1.28599	5.15014
1.286	5.15008
1.28601	5.15001
1.28602	5.14995
1.28603	5.14988
1.28604	5.14981
1.28605	5.14975
1.28606	5.14968
1.28607	5.14962
1.28608	5.14955
1.28609	5.14948
1.2861	5.14942
1.28611	5.14935
1.28612	5.14928
1.28613	5.14922
1.28614	5.14915
1.28615	5.14908
1.28616	5.14902
1.28617	5.14895
1.28618	5.14888
1.28619	5.14882
1.2862	5.14875
1.28621	5.14868
1.28622	5.14861
1.28623	5.14855
1.28624	5.14848
1.28625	5.14841
1.28626	5.14834
1.28627	5.14828
1.28628	5.14821
1.28629	5.14814
1.2863	5.14807
1.28631	5.14801
1.28632	5.14794
1.28633	5.14787
1.28634	5.1478
1.28635	5.14773
1.28636	5.14767
1.28637	5.1476
1.28638	5.14753
1.28639	5.14746
1.2864	5.14739
1.28641	5.14732
1.28642	5.14726
1.28643	5.14719
1.28644	5.14712
1.28645	5.14705
1.28646	5.14698
1.28647	5.14691
1.28648	5.14684
1.28649	5.14677
1.2865	5.1467
1.28651	5.14664
1.28652	5.14657
1.28653	5.1465
1.28654	5.14643
1.28655	5.14636
1.28656	5.14629
1.28657	5.14622
1.28658	5.14615
1.28659	5.14608
1.2866	5.14601
1.28661	5.14594
1.28662	5.14587
1.28663	5.1458
1.28664	5.14573
1.28665	5.14566
1.28666	5.14559
1.28667	5.14552
1.28668	5.14545
1.28669	5.14538
1.2867	5.14531
1.28671	5.14524
1.28672	5.14517
1.28673	5.1451
1.28674	5.14503
1.28675	5.14496
1.28676	5.14489
1.28677	5.14482
1.28678	5.14475
1.28679	5.14468
1.2868	5.1446
1.28681	5.14453
1.28682	5.14446
1.28683	5.14439
1.28684	5.14432
1.28685	5.14425
1.28686	5.14418
1.28687	5.14411
1.28688	5.14404
1.28689	5.14396
1.2869	5.14389
1.28691	5.14382
1.28692	5.14375
1.28693	5.14368
1.28694	5.14361
1.28695	5.14354
1.28696	5.14346
1.28697	5.14339
1.28698	5.14332
1.28699	5.14325
1.287	5.14318
1.28701	5.1431
1.28702	5.14303
1.28703	5.14296
1.28704	5.14289
1.28705	5.14282
1.28706	5.14274
1.28707	5.14267
1.28708	5.1426
1.28709	5.14253
1.2871	5.14245
1.28711	5.14238
1.28712	5.14231
1.28713	5.14224
1.28714	5.14216
1.28715	5.14209
1.28716	5.14202
1.28717	5.14195
1.28718	5.14187
1.28719	5.1418
1.2872	5.14173
1.28721	5.14165
1.28722	5.14158
1.28723	5.14151
1.28724	5.14143
1.28725	5.14136
1.28726	5.14129
1.28727	5.14122
1.28728	5.14114
1.28729	5.14107
1.2873	5.14099
1.28731	5.14092
1.28732	5.14085
1.28733	5.14077
1.28734	5.1407
1.28735	5.14063
1.28736	5.14055
1.28737	5.14048
1.28738	5.14041
1.28739	5.14033
1.2874	5.14026
1.28741	5.14018
1.28742	5.14011
1.28743	5.14004
1.28744	5.13996
1.28745	5.13989
1.28746	5.13981
1.28747	5.13974
1.28748	5.13967
1.28749	5.13959
1.2875	5.13952
1.28751	5.13944
1.28752	5.13937
1.28753	5.13929
1.28754	5.13922
1.28755	5.13914
1.28756	5.13907
1.28757	5.13899
1.28758	5.13892
1.28759	5.13885
1.2876	5.13877
1.28761	5.1387
1.28762	5.13862
1.28763	5.13855
1.28764	5.13847
1.28765	5.1384
1.28766	5.13832
1.28767	5.13825
1.28768	5.13817
1.28769	5.1381
1.2877	5.13802
1.28771	5.13795
1.28772	5.13787
1.28773	5.13779
1.28774	5.13772
1.28775	5.13764
1.28776	5.13757
1.28777	5.13749
1.28778	5.13742
1.28779	5.13734
1.2878	5.13727
1.28781	5.13719
1.28782	5.13712
1.28783	5.13704
1.28784	5.13696
1.28785	5.13689
1.28786	5.13681
1.28787	5.13674
1.28788	5.13666
1.28789	5.13658
1.2879	5.13651
1.28791	5.13643
1.28792	5.13636
1.28793	5.13628
1.28794	5.1362
1.28795	5.13613
1.28796	5.13605
1.28797	5.13598
1.28798	5.1359
1.28799	5.13582
1.288	5.13575
1.28801	5.13567
1.28802	5.13559
1.28803	5.13552
1.28804	5.13544
1.28805	5.13536
1.28806	5.13529
1.28807	5.13521
1.28808	5.13514
1.28809	5.13506
1.2881	5.13498
1.28811	5.13491
1.28812	5.13483
1.28813	5.13475
1.28814	5.13467
1.28815	5.1346
1.28816	5.13452
1.28817	5.13444
1.28818	5.13437
1.28819	5.13429
1.2882	5.13421
1.28821	5.13414
1.28822	5.13406
1.28823	5.13398
1.28824	5.13391
1.28825	5.13383
1.28826	5.13375
1.28827	5.13367
1.28828	5.1336
1.28829	5.13352
1.2883	5.13344
1.28831	5.13336
1.28832	5.13329
1.28833	5.13321
1.28834	5.13313
1.28835	5.13305
1.28836	5.13298
1.28837	5.1329
1.28838	5.13282
1.28839	5.13274
1.2884	5.13267
1.28841	5.13259
1.28842	5.13251
1.28843	5.13243
1.28844	5.13236
1.28845	5.13228
1.28846	5.1322
1.28847	5.13212
1.28848	5.13205
1.28849	5.13197
1.2885	5.13189
1.28851	5.13181
1.28852	5.13173
1.28853	5.13166
1.28854	5.13158
1.28855	5.1315
1.28856	5.13142
1.28857	5.13134
1.28858	5.13127
1.28859	5.13119
1.2886	5.13111
1.28861	5.13103
1.28862	5.13095
1.28863	5.13088
1.28864	5.1308
1.28865	5.13072
1.28866	5.13064
1.28867	5.13056
1.28868	5.13048
1.28869	5.13041
1.2887	5.13033
1.28871	5.13025
1.28872	5.13017
1.28873	5.13009
1.28874	5.13001
1.28875	5.12993
1.28876	5.12986
1.28877	5.12978
1.28878	5.1297
1.28879	5.12962
1.2888	5.12954
1.28881	5.12946
1.28882	5.12938
1.28883	5.12931
1.28884	5.12923
1.28885	5.12915
1.28886	5.12907
1.28887	5.12899
1.28888	5.12891
1.28889	5.12883
1.2889	5.12876
1.28891	5.12868
1.28892	5.1286
1.28893	5.12852
1.28894	5.12844
1.28895	5.12836
1.28896	5.12828
1.28897	5.1282
1.28898	5.12812
1.28899	5.12805
1.289	5.12797
1.28901	5.12789
1.28902	5.12781
1.28903	5.12773
1.28904	5.12765
1.28905	5.12757
1.28906	5.12749
1.28907	5.12741
1.28908	5.12733
1.28909	5.12725
1.2891	5.12718
1.28911	5.1271
1.28912	5.12702
1.28913	5.12694
1.28914	5.12686
1.28915	5.12678
1.28916	5.1267
1.28917	5.12662
1.28918	5.12654
1.28919	5.12646
1.2892	5.12638
1.28921	5.1263
1.28922	5.12622
1.28923	5.12615
1.28924	5.12607
1.28925	5.12599
1.28926	5.12591
1.28927	5.12583
1.28928	5.12575
1.28929	5.12567
1.2893	5.12559
1.28931	5.12551
1.28932	5.12543
1.28933	5.12535
1.28934	5.12527
1.28935	5.12519
1.28936	5.12511
1.28937	5.12503
1.28938	5.12495
1.28939	5.12487
1.2894	5.1248
1.28941	5.12472
1.28942	5.12464
1.28943	5.12456
1.28944	5.12448
1.28945	5.1244
1.28946	5.12432
1.28947	5.12424
1.28948	5.12416
1.28949	5.12408
1.2895	5.124
1.28951	5.12392
1.28952	5.12384
1.28953	5.12376
1.28954	5.12368
1.28955	5.1236
1.28956	5.12352
1.28957	5.12344
1.28958	5.12336
1.28959	5.12328
1.2896	5.1232
1.28961	5.12312
1.28962	5.12304
1.28963	5.12296
1.28964	5.12288
1.28965	5.1228
1.28966	5.12272
1.28967	5.12264
1.28968	5.12256
1.28969	5.12248
1.2897	5.1224
1.28971	5.12233
1.28972	5.12225
1.28973	5.12217
1.28974	5.12209
1.28975	5.12201
1.28976	5.12193
1.28977	5.12185
1.28978	5.12177
1.28979	5.12169
1.2898	5.12161
1.28981	5.12153
1.28982	5.12145
1.28983	5.12137
1.28984	5.12129
1.28985	5.12121
1.28986	5.12113
1.28987	5.12105
1.28988	5.12097
1.28989	5.12089
1.2899	5.12081
1.28991	5.12073
1.28992	5.12065
1.28993	5.12057
1.28994	5.12049
1.28995	5.12041
1.28996	5.12033
1.28997	5.12025
1.28998	5.12017
1.28999	5.12009
